1.174220e-02
-4.212456e-03
1.938121e-02
2.850123e-01
1.625361e+00
1.424331e+00
2.673281e-01
1.493769e-01
2.757026e-01
1.149239e-01
-1.032975e-02
-1.082711e-02
3.981271e-02
2.557874e-02
1.610888e-02
2.592279e-02
3.319813e-01
5.975970e-01
1.415859e-01
-1.142300e-01
-1.638976e-02
7.060555e-02
4.522979e-02
1.446996e-02
3.352284e-02
1.336895e-02
-4.923851e-03
1.797415e-02
2.833287e-01
1.596790e+00
1.396210e+00
5.428619e-02
-4.550742e-01
-1.754726e-01
1.162602e-01
1.439961e-01
3.269232e-02
-9.953845e-03
-7.826541e-03
2.626073e-02
4.465905e-02
3.348379e-01
5.864084e-01
1.349887e-01
-1.106833e-01
-1.251378e-02
7.162806e-02
4.413121e-02
1.164111e-02
3.194305e-02
1.426728e-02
-3.194733e-03
1.736408e-02
2.810612e-01
1.584792e+00
1.380314e+00
4.663742e-02
-4.520557e-01
-1.718450e-01
1.158209e-01
1.434486e-01
3.254234e-02
-9.746593e-03
-7.095773e-03
2.694205e-02
4.555415e-02
3.357238e-01
5.866708e-01
1.331108e-01
-1.143943e-01
-1.548025e-02
6.805584e-02
3.859537e-02
5.515369e-03
2.466562e-02
6.525175e-03
-8.650783e-03
1.370633e-02
3.003149e-01
1.617198e+00
1.345547e+00
1.211163e-02
-4.501561e-01
-1.601875e-01
1.172490e-01
1.387748e-01
2.922363e-02
-1.057987e-02
-8.752434e-03
2.590763e-02
4.461891e-02
3.338746e-01
5.921812e-01
1.367521e-01
-1.149898e-01
-1.592224e-02
6.797146e-02
3.966651e-02
7.252051e-03
2.550600e-02
7.791347e-03
-8.742257e-03
1.406242e-02
3.000047e-01
1.632165e+00
1.354069e+00
-4.867741e-02
-4.300574e-01
-1.212633e-01
1.743431e-01
2.026764e-01
1.411916e-01
1.228369e-01
8.723183e-02
5.269737e-02
-4.563050e-02
1.022979e-02
4.859842e-01
2.110023e-01
-1.416124e-01
-9.875491e-02
2.016561e-02
3.554482e-02
1.014954e-01
1.454334e-01
7.383332e-02
1.628504e-02
4.571898e-02
2.139148e-01
1.366071e+00
1.523828e+00
2.167518e-01
-5.151989e-01
-3.324421e-01
2.013835e-02
1.299016e-01
5.945920e-02
2.223257e-02
2.848240e-02
6.682066e-02
9.566542e-02
3.710359e-01
6.091614e-01
1.471109e-01
-1.080355e-01
-1.890893e-02
6.441262e-02
4.253579e-02
1.591687e-02
4.617616e-02
4.150134e-02
2.961107e-02
4.224680e-02
2.727410e-01
1.584650e+00
1.423785e+00
7.507471e-02
-4.596082e-01
-1.842914e-01
1.235099e-01
1.510459e-01
2.348578e-02
-3.103287e-02
-2.564313e-02
2.049127e-02
4.070128e-02
3.326219e-01
5.811924e-01
1.270805e-01
-1.131135e-01
-1.335354e-02
7.065756e-02
4.611828e-02
1.476947e-02
2.870536e-02
5.320826e-03
-1.411035e-02
4.806925e-03
2.721180e-01
1.610129e+00
1.392734e+00
8.591412e-02
-6.856829e-02
6.356218e-01
8.379394e-01
4.942784e-01
9.471315e-03
-1.067145e-01
4.736956e-03
1.012983e-01
9.243908e-02
3.600813e-01
6.163496e-01
1.854660e-01
-7.125130e-02
4.930068e-03
7.221968e-02
4.116924e-02
1.085086e-02
2.683976e-02
2.757921e-03
-1.701216e-02
-6.380540e-04
2.603371e-01
1.600246e+00
1.619566e+00
1.650882e+00
1.780487e+00
1.243773e+00
4.858675e-01
9.064769e-02
3.587586e-02
7.912045e-02
5.188069e-02
3.049381e-02
2.465192e-02
3.556871e-01
6.372465e-01
1.350759e-01
-1.508149e-01
-5.765042e-02
3.483148e-02
1.526396e-02
-1.561079e-02
-1.509081e-03
-1.658323e-02
-1.563351e-02
2.105887e-02
3.023345e-01
1.851825e+00
1.763574e+00
2.395960e-01
-5.101226e-01
-2.423501e-01
1.413797e-01
2.000433e-01
5.385395e-02
-1.568472e-02
-1.045841e-02
3.934537e-02
5.329718e-02
3.502166e-01
6.047015e-01
9.498354e-02
-1.321433e-01
-4.984095e-03
8.427869e-02
4.937071e-02
1.421930e-02
3.586614e-02
2.395781e-02
9.609687e-03
2.907972e-02
3.005498e-01
1.839416e+00
2.084895e+00
1.405982e+00
3.303380e-01
-4.274233e-01
-2.597449e-01
1.153382e-01
1.535213e-01
1.969069e-02
-6.437998e-02
-1.181721e-02
5.364263e-02
3.724881e-01
6.244336e-01
1.020106e-01
-1.280074e-01
3.798468e-03
9.049519e-02
4.817618e-02
4.427190e-03
1.598112e-02
1.010973e-03
-5.795071e-03
1.494614e-02
2.928960e-01
1.814410e+00
1.744791e+00
2.211162e-01
-5.362641e-01
-2.723557e-01
1.155804e-01
1.860892e-01
4.931662e-02
-1.614876e-02
-8.035545e-03
4.914686e-02
7.328116e-02
3.656168e-01
6.180933e-01
1.139008e-01
-1.134617e-01
5.786573e-03
8.298112e-02
4.066496e-02
1.313201e-03
1.622722e-02
-1.724502e-03
-1.739825e-02
3.262538e-03
2.942020e-01
1.801065e+00
1.724020e+00
2.125519e-01
-5.321048e-01
-2.693166e-01
1.112029e-01
1.784840e-01
4.084364e-02
-2.461643e-02
-1.797131e-02
3.456921e-02
5.483919e-02
3.482155e-01
5.946271e-01
9.526007e-02
-1.260164e-01
-6.169391e-03
7.312351e-02
3.383859e-02
-2.849727e-03
1.733955e-02
5.563151e-03
-5.063574e-03
1.683276e-02
3.056954e-01
1.789611e+00
1.734179e+00
2.365041e-01
-5.125115e-01
-2.554919e-01
1.246948e-01
1.913107e-01
5.035227e-02
-1.880665e-02
-1.479088e-02
3.617155e-02
5.586114e-02
3.432555e-01
5.847179e-01
9.042343e-02
-1.273799e-01
-6.787203e-03
7.267239e-02
3.577069e-02
2.832416e-03
2.345878e-02
1.161707e-02
1.189621e-03
2.192051e-02
3.034827e-01
1.764758e+00
1.719926e+00
2.335482e-01
-5.181004e-01
-2.698398e-01
1.055018e-01
1.715395e-01
3.218612e-02
-3.653084e-02
-3.173333e-02
2.201548e-02
4.479034e-02
3.341004e-01
5.765708e-01
9.083864e-02
-1.204293e-01
1.293941e-03
8.005665e-02
4.317751e-02
8.619338e-03
2.829625e-02
1.428440e-02
1.539316e-03
2.161036e-02
3.049509e-01
1.752900e+00
1.715589e+00
2.274871e-01
-5.164185e-01
-2.601909e-01
1.163306e-01
1.827542e-01
4.479634e-02
-2.251836e-02
-1.599148e-02
3.686539e-02
5.864292e-02
3.454184e-01
5.787103e-01
9.458001e-02
-1.147462e-01
4.410342e-03
7.991229e-02
4.052393e-02
6.030657e-03
2.570167e-02
1.000625e-02
-4.246701e-03
1.521362e-02
2.702140e-01
1.658567e+00
1.824581e+00
1.323169e+00
1.000155e+00
7.352501e-02
-3.443226e-01
-7.825754e-02
1.489144e-01
1.207574e-01
-1.003951e-02
-2.732651e-02
2.788905e-02
3.568812e-01
5.836142e-01
7.855859e-02
-1.381903e-01
-7.258126e-03
7.752831e-02
4.148390e-02
6.066883e-03
2.210003e-02
5.694151e-03
-7.964178e-04
2.681911e-02
3.003147e-01
1.673702e+00
2.008453e+00
1.447269e+00
4.462140e-01
-3.785501e-01
-2.668826e-01
1.204467e-01
1.867521e-01
5.277489e-02
-4.715178e-02
-7.557087e-03
5.684431e-02
3.664878e-01
5.818920e-01
7.797254e-02
-1.297699e-01
1.617764e-03
7.797728e-02
3.348762e-02
-4.530653e-03
1.438900e-02
9.724757e-04
-8.275663e-03
1.621673e-02
2.946208e-01
1.668083e+00
1.625507e+00
2.001060e-01
-4.973685e-01
-2.431397e-01
1.129205e-01
1.724404e-01
4.262488e-02
-1.854389e-02
-1.268707e-02
3.454822e-02
5.503577e-02
3.392556e-01
5.705881e-01
8.986151e-02
-1.190357e-01
1.184430e-04
7.414793e-02
3.358587e-02
-5.174542e-04
2.048642e-02
5.931585e-03
-6.790876e-03
1.532287e-02
3.015132e-01
1.686233e+00
1.666506e+00
2.225980e-01
-5.013158e-01
-2.494816e-01
1.170443e-01
1.779188e-01
4.255075e-02
-2.198350e-02
-1.661960e-02
3.160548e-02
5.043499e-02
3.316109e-01
5.662399e-01
8.759881e-02
-1.214011e-01
-3.096223e-03
7.132268e-02
3.277265e-02
-1.566247e-03
1.814727e-02
5.315453e-03
-6.995979e-03
1.382388e-02
3.024024e-01
1.691017e+00
1.673608e+00
2.188787e-01
-5.091894e-01
-2.531155e-01
1.158800e-01
1.781972e-01
4.275913e-02
-2.255532e-02
-1.548571e-02
3.550101e-02
5.574116e-02
3.409513e-01
5.697421e-01
8.960303e-02
-1.157771e-01
3.943626e-03
7.742363e-02
3.791015e-02
3.556118e-03
2.337768e-02
8.577927e-03
-4.548131e-03
1.640102e-02
2.981774e-01
1.688446e+00
1.689231e+00
2.355935e-01
-5.092582e-01
-2.611556e-01
1.134008e-01
1.801637e-01
4.303093e-02
-2.471336e-02
-1.913138e-02
3.155765e-02
5.300869e-02
3.368222e-01
5.654231e-01
8.653957e-02
-1.190298e-01
1.102596e-03
7.519314e-02
3.581055e-02
3.245031e-03
2.298787e-02
8.542498e-03
-4.250040e-03
1.654476e-02
2.996385e-01
1.680099e+00
1.663280e+00
2.283454e-01
-5.016876e-01
-2.560693e-01
1.115715e-01
1.765104e-01
4.243427e-02
-2.335926e-02
-1.782636e-02
3.359376e-02
5.487840e-02
3.408665e-01
5.693438e-01
8.948201e-02
-1.151269e-01
5.287976e-03
7.806213e-02
3.836376e-02
3.949689e-03
2.327943e-02
8.476955e-03
-5.735223e-03
1.495725e-02
3.014675e-01
1.675632e+00
1.619413e+00
5.340152e-01
1.058125e+00
2.012034e+00
1.590928e+00
6.339574e-01
9.678197e-02
1.763432e-02
4.553349e-02
5.747946e-02
3.934799e-02
3.373464e-01
6.075821e-01
1.160864e-01
-1.177403e-01
-3.153348e-03
7.802243e-02
4.442192e-02
1.457966e-02
3.322339e-02
1.210008e-02
-6.655125e-03
1.771269e-02
2.889737e-01
1.501416e+00
1.577365e+00
1.594761e+00
1.245991e+00
8.137935e-01
9.728699e-01
7.837424e-01
3.053304e-01
2.762799e-02
-3.024636e-02
2.606626e-02
5.908247e-02
3.686359e-01
6.291122e-01
9.663549e-02
-1.375136e-01
-5.509955e-03
7.767061e-02
4.135938e-02
5.387138e-03
1.991247e-02
4.834257e-03
-4.761766e-03
1.969504e-02
2.980087e-01
1.630554e+00
1.374236e+00
2.378862e-02
-4.569201e-01
-1.668359e-01
1.200434e-01
1.433364e-01
2.658513e-02
-1.772260e-02
-1.079319e-02
3.068357e-02
4.658145e-02
3.430051e-01
6.127430e-01
1.064469e-01
-1.284252e-01
-6.744513e-03
7.773685e-02
4.301369e-02
8.541652e-03
2.675666e-02
9.792878e-03
-4.294080e-03
2.077331e-02
3.027697e-01
1.636132e+00
1.369420e+00
1.655270e-02
-4.560383e-01
-1.635858e-01
1.203979e-01
1.425353e-01
2.540531e-02
-1.639177e-02
-9.237861e-03
2.993207e-02
4.463659e-02
3.404536e-01
6.123609e-01
1.059809e-01
-1.322096e-01
-1.158710e-02
7.473368e-02
3.952182e-02
3.159331e-03
2.082709e-02
6.419048e-03
-5.463663e-03
1.697096e-02
3.054130e-01
1.640344e+00
1.358030e+00
6.405817e-03
-4.570425e-01
-1.615336e-01
1.208256e-01
1.410285e-01
2.429045e-02
-1.647026e-02
-9.406770e-03
3.113716e-02
4.597438e-02
3.403742e-01
6.158739e-01
1.096723e-01
-1.300597e-01
-9.841579e-03
7.621780e-02
4.208744e-02
6.019985e-03
2.235323e-02
8.078769e-03
-4.425539e-03
1.860373e-02
3.077099e-01
1.643276e+00
1.361175e+00
8.325429e-03
-4.564089e-01
-1.606052e-01
1.213743e-01
1.421102e-01
2.577989e-02
-1.585612e-02
-8.941419e-03
3.100620e-02
4.538532e-02
3.412782e-01
6.139397e-01
1.068286e-01
-1.314054e-01
-1.150663e-02
7.437230e-02
4.013909e-02
4.333470e-03
2.172513e-02
6.577810e-03
-5.614760e-03
1.769537e-02
3.017893e-01
1.638507e+00
1.368703e+00
1.528006e-02
-4.560908e-01
-1.625273e-01
1.229097e-01
1.457463e-01
2.803264e-02
-1.404233e-02
-7.307237e-03
3.241260e-02
4.758883e-02
3.436586e-01
6.150926e-01
1.075047e-01
-1.303780e-01
-9.295267e-03
7.659978e-02
4.154084e-02
6.337371e-03
2.347920e-02
8.272815e-03
-4.190949e-03
1.832991e-02
3.029852e-01
1.639583e+00
1.367789e+00
1.485565e-02
-4.566670e-01
-1.631431e-01
1.218838e-01
1.439933e-01
2.728568e-02
-1.493078e-02
-8.546544e-03
3.187226e-02
4.633769e-02
3.430371e-01
6.143365e-01
1.058422e-01
-1.318711e-01
-1.097813e-02
7.403517e-02
3.982743e-02
3.148575e-03
2.056849e-02
6.035043e-03
-6.655636e-03
1.690543e-02
3.061571e-01
1.644233e+00
1.362514e+00
7.970439e-03
-4.560706e-01
-1.589325e-01
1.236764e-01
1.454376e-01
2.881757e-02
-1.271987e-02
-5.357081e-03
3.434449e-02
4.878733e-02
3.469021e-01
6.169981e-01
1.085500e-01
-1.284330e-01
-6.447627e-03
7.997259e-02
4.625150e-02
1.157411e-02
2.956051e-02


